v3
1781622000;1781647140;welkom-default_gsm;0;31646185860
1781647200;1781677800;welkom-default_gsm;0;31646185860
1781190000;1781215140;welkom-default_gsm;0;31643462509
1781215200;1781245800;welkom-default_gsm;0;31643462509
1781332200;1781418600;welkom-default_gsm;0;31643462509
1781276400;1781301540;welkom-default_gsm;0;31628757411;31615100898
1781301600;1781332200;welkom-default_gsm;0;31628757411;31615100898
1781418600;1781505000;welkom-default_gsm;0;31620242142;31883686090;31624895920
1781128800;1781159400;welkom-default_gsm;0;31644261027
1781103600;1781128740;welkom-default_gsm;0;31644261027
1781535600;1781560740;welkom-default_gsm;0;31634936020;31880031520
1781560800;1781591400;welkom-default_gsm;0;31634936020;31880031520~~0;2274396699;31681876862~~