v3
1781503200;1781535600;welkom-wg-10_gsm;0;31630998324;31624803768;31682339665
1781535600;1781589600;welkom-wg-10_gsm;0;31630998324;31624803768;31682339665
1781589600;1781622000;welkom-wg-10_gsm;0;31630998324;31624803768;31682339665
1781622000;1781676000;welkom-wg-10_gsm;0;31683896145;31630630958
1781071200;1781103600;welkom-wg-10_gsm;0;31683896145;31630630958
1781676000;1781708400;welkom-wg-10_gsm;0;31683896145;31630630958
1781103600;1781157600;welkom-wg-10_gsm;0;31683896145;31630630958
1781157600;1781190000;welkom-wg-10_gsm;0;31683896145;31630630958
1781244000;1781276400;welkom-wg-10_gsm;0;31630998324;31624803768;31682339665
1781276400;1781330400;welkom-wg-10_gsm;0;31683896145;31630630958
1781330400;1781362800;welkom-wg-10_gsm;0;31683896145;31630630958
1781362800;1781416800;welkom-wg-10_gsm;0;31683896145;31630630958
1781416800;1781449200;welkom-wg-10_gsm;0;31683896145;31630630958
1781449200;1781503200;welkom-wg-10_gsm;0;31630998324;31624803768;31682339665
1781190000;1781244000;welkom-wg-10_gsm;0;31630998324;31624803768;31682339665~~0;2274396699;31683331375~31887732752~welkom-wg-10_gsm