v3
1781503200;1781521200;welkom-default_gsm;0;31629297132;31659861809
1781521200;1781535600;welkom-default_gsm;0;31629297132;31659861809
1781589600;1781607600;welkom-default_gsm;0;31641247536
1781607600;1781622000;welkom-default_gsm;0;31641247536
1781128800;1781157600;welkom-default_gsm;0;31626204316;31629189885
1781190000;1781215140;welkom-default_gsm;0;31626204316;31629189885
1781215200;1781244000;welkom-default_gsm;0;31626204316;31629189885
1781276400;1781301540;welkom-default_gsm;0;31626204316;31629189885
1781301600;1781330400;welkom-default_gsm;0;31626204316;31629189885
1781362800;1781387940;welkom-default_gsm;0;31626204316;31629189885
1781388000;1781416800;welkom-default_gsm;0;31626204316;31629189885
1781449200;1781474340;welkom-default_gsm;0;31626204316;31629189885
1781474400;1781503200;welkom-default_gsm;0;31626204316;31629189885
1781157600;1781175600;welkom-default_gsm;0;31627305839
1781175600;1781190000;welkom-default_gsm;0;31627305839
1781071200;1781089200;welkom-default_gsm;0;31639642948
1781089200;1781103600;welkom-default_gsm;0;31639642948
1781622000;1781647140;welkom-default_gsm;0;31686847971;31620863837
1781103600;1781128740;welkom-default_gsm;0;31686847971;31620863837
1781535600;1781560740;welkom-default_gsm;0;31627305839
1781416800;1781434800;welkom-default_gsm;0;31610894489
1781434800;1781449200;welkom-default_gsm;0;31610894489
1781676000;1781694000;welkom-default_gsm;0;31641247536
1781330400;1781348400;welkom-default_gsm;0;31653940642
1781348400;1781362800;welkom-default_gsm;0;31653940642
1781560800;1781589600;welkom-default_gsm;0;31627305839
1781647200;1781676000;welkom-default_gsm;0;31639642948
1781244000;1781262000;welkom-default_gsm;0;31653940642
1781262000;1781276400;welkom-default_gsm;0;31653940642~1781071200;1781089200;welkom-default_gsm;0;31651788019;31610929159
1781089200;1781103600;welkom-default_gsm;0;31651788019;31610929159
1781503200;1781521200;welkom-default_gsm;0;31646272199;31643394220
1781521200;1781535600;welkom-default_gsm;0;31646272199;31643394220
1781589600;1781607600;welkom-default_gsm;0;31629297132;31659861809
1781607600;1781622000;welkom-default_gsm;0;31629297132;31659861809
1781157600;1781175600;welkom-default_gsm;0;31646272199;31643394220
1781175600;1781190000;welkom-default_gsm;0;31646272199;31643394220
1781244000;1781262000;welkom-default_gsm;0;31641247536
1781262000;1781276400;welkom-default_gsm;0;31641247536
1781676000;1781694000;welkom-default_gsm;0;31651788019;31610929159
1781416800;1781434800;welkom-default_gsm;0;31651788019;31610929159
1781434800;1781449200;welkom-default_gsm;0;31651788019;31610929159~~31880026412~