v3
1781190000;1781244000;welkom-default_gsm;0;31614680836;31658089158;31408422551
1781175600;1781190000;welkom-default_gsm;0;31614680836;31658089158;31408422551
1781157600;1781175600;welkom-default_gsm;0;31614680836;31658089158;31408422551
1781676000;1781694000;welkom-default_gsm;0;31615308034
1781622000;1781676000;welkom-default_gsm;0;31621655210;31621666026
1781607600;1781622000;welkom-default_gsm;0;31621655210;31621666026
1781589600;1781607600;welkom-default_gsm;0;31621655210;31621666026
1781535600;1781589600;welkom-default_gsm;0;31651103006
1781521200;1781535600;welkom-default_gsm;0;31651103006
1781503200;1781521200;welkom-default_gsm;0;31651103006~~0;2274396699;31624235212~~