v3
1781190000;1781215140;welkom-default_gsm;0;31641641007
1781362800;1781387940;welkom-default_gsm;0;31634525079;31615592889
1781388000;1781416800;welkom-default_gsm;0;31634525079;31615592889
1781535600;1781560740;welkom-default_gsm;0;31657706909
1781560800;1781589600;welkom-default_gsm;0;31657706909
1781647200;1781676000;welkom-default_gsm;0;31657706909
1781128800;1781157600;welkom-default_gsm;0;31657706909
1781503200;1781521200;welkom-default_gsm;0;31646151609;31682494052
1781521200;1781535600;welkom-default_gsm;0;31646151609;31682494052
1781175600;1781190000;welkom-default_gsm;0;31657706909
1781348400;1781362800;welkom-default_gsm;0;31634525079;31615592889
1781276400;1781301540;welkom-default_gsm;0;31634525174;31613320251
1781416800;1781434800;welkom-default_gsm;0;31634525174;31613320251
1781434800;1781449200;welkom-default_gsm;0;31634525174;31613320251
1781449200;1781474340;welkom-default_gsm;0;31634525174;31613320251
1781622000;1781647140;welkom-default_gsm;0;31634525174;31613320251
1781301600;1781330400;welkom-default_gsm;0;31634735063;31643118576
1781330400;1781348400;welkom-default_gsm;0;31634735063;31643118576
1781244000;1781262000;welkom-default_gsm;0;31614463110;31630646384
1781262000;1781276400;welkom-default_gsm;0;31614463110;31630646384
1781071200;1781089200;welkom-default_gsm;0;31614463110;31630646384
1781676000;1781694000;welkom-default_gsm;0;31614463110;31630646384
1781089200;1781103600;welkom-default_gsm;0;31614463110;31630646384
1781215200;1781244000;welkom-default_gsm;0;31642163383;31647054374
1781103600;1781128740;welkom-default_gsm;0;31639807910;31642818023
1781157600;1781175600;welkom-default_gsm;0;31657706909~1781190000;1781215140;welkom-default_gsm;0;31657706909~~31887732752~