v3
1781503200;1781521200;welkom-default_gsm;0;31659882707
1781521200;1781535600;welkom-default_gsm;0;31659882707
1781676000;1781694000;welkom-default_gsm;0;31659882707
1781157600;1781175600;welkom-default_gsm;0;31621655210;31621666026
1781175600;1781190000;welkom-default_gsm;0;31621655210;31621666026
1781103600;1781157600;welkom-default_gsm;0;31615308034
1781589600;1781607600;welkom-default_gsm;0;31658089303;31612942063
1781607600;1781622000;welkom-default_gsm;0;31658089303;31612942063
1781190000;1781244000;welkom-default_gsm;0;31636336929;31636336929;31619734378
1781071200;1781089200;welkom-default_gsm;0;31614680836;31658089158;31408422551
1781089200;1781103600;welkom-default_gsm;0;31614680836;31658089158;31408422551
1781276400;1781330400;welkom-default_gsm;0;31636336929;31636336929;31619734378
1781362800;1781416800;welkom-default_gsm;0;31636336929;31636336929;31619734378
1781535600;1781589600;welkom-default_gsm;0;31636336929;31636336929;31619734378
1781244000;1781262000;welkom-default_gsm;0;31613038805
1781262000;1781276400;welkom-default_gsm;0;31613038805
1781416800;1781449200;welkom-default_gsm;0;31659882707
1781330400;1781362800;welkom-default_gsm;0;31615308034~1781503200;1781521200;welkom-default_gsm;0;31615308034
1781521200;1781535600;welkom-default_gsm;0;31615308034
1781676000;1781694000;welkom-default_gsm;0;31614680836;31658089158;31408422551
1781416800;1781449200;welkom-default_gsm;0;31613038805~0;2274396699;31624235212~31887732752~