v3
1781087400;1781103600;welkom-default_gsm;0;31642876673;31610300239
1781276400;1781330400;welkom-default_gsm;0;31633837633
1781535600;1781589600;welkom-default_gsm;0;31636336929;31636336929;31619734378
1781589600;1781605800;welkom-default_gsm;0;31650214426;31650214426;31765205617;31134628009;31765205617
1781605800;1781622000;welkom-default_gsm;0;31650214426;31650214426;31765205617;31134628009;31765205617
1781676000;1781692200;welkom-default_gsm;0;31650214426;31650214426;31765205617;31134628009;31765205617
1781692200;1781708400;welkom-default_gsm;0;31650214426;31650214426;31765205617;31134628009;31765205617
1781103600;1781157600;welkom-default_gsm;0;31653396166
1781330400;1781362800;welkom-default_gsm;0;31624576970
1781503200;1781519400;welkom-default_gsm;0;31103603146;31203692953;31715690866
1781519400;1781535600;welkom-default_gsm;0;31103603146;31203692953;31715690866
1781190000;1781244000;welkom-default_gsm;0;31103603146;31203692953;31715690866
1781157600;1781173800;welkom-default_gsm;0;31650214426;31650214426;31765205617;31134628009;31765205617
1781173800;1781190000;welkom-default_gsm;0;31650214426;31650214426;31765205617;31134628009;31765205617
1781622000;1781676000;welkom-default_gsm;0;31653396166
1781362800;1781416800;welkom-default_gsm;0;31636336929;31636336929;31619734378
1781416800;1781449200;welkom-default_gsm;0;31624576664;31619541059
1781449200;1781503200;welkom-default_gsm;0;31633837633
1781244000;1781260200;welkom-default_gsm;0;31653396166
1781260200;1781276400;welkom-default_gsm;0;31653396166~1781503200;1781519400;welkom-default_gsm;0;31650214426;31650214426;31765205617;31134628009;31765205617
1781519400;1781535600;welkom-default_gsm;0;31650214426;31650214426;31765205617;31134628009;31765205617
1781190000;1781244000;welkom-default_gsm;0;31636336929;31636336929;31619734378
1781416800;1781449200;welkom-default_gsm;0;31653396166~0;2274396699;31624235212~31880026429~